cell #, vertex #, lat, lon
001, 01, 32.016667, -116.883333
001, 02, 32.050000, -116.883333
001, 03, 32.083333, -116.883333
001, 04, 32.116667, -116.883333
001, 05, 32.150000, -116.883333
001, 06, 32.150000, -116.916667
001, 07, 32.183333, -116.916667
001, 08, 32.216667, -116.916667
001, 09, 32.250000, -116.916667
001, 10, 32.250000, -116.950000
001, 11, 32.250000, -116.983333
001, 12, 32.250000, -117.016667
001, 13, 32.283333, -117.016667
001, 14, 32.200000, -117.105136
001, 15, 32.194868, -117.100000
001, 16, 32.170873, -117.066667
001, 17, 32.166667, -117.053506
001, 18, 32.155155, -117.033333
001, 19, 32.133333, -117.020984
001, 20, 32.100000, -117.004725
001, 21, 32.091676, -117.000000
001, 22, 32.066667, -116.987575
001, 23, 32.033333, -116.987537
001, 24, 32.000000, -116.987499
001, 25, 32.016667, -116.883333
002, 01, 32.283333, -117.016667
002, 02, 32.283333, -117.050000
002, 03, 32.316667, -117.050000
002, 04, 32.350000, -117.050000
002, 05, 32.350000, -117.083333
002, 06, 32.383333, -117.083333
002, 07, 32.416667, -117.083333
002, 08, 32.416667, -117.116667
002, 09, 32.450000, -117.116667
002, 10, 32.483333, -117.116667
002, 11, 32.466667, -117.221370
002, 12, 32.433333, -117.221331
002, 13, 32.400000, -117.221292
002, 14, 32.366667, -117.204976
002, 15, 32.357859, -117.200000
002, 16, 32.333333, -117.187881
002, 17, 32.300000, -117.171579
002, 18, 32.291314, -117.166667
002, 19, 32.266667, -117.154471
002, 20, 32.233333, -117.138183
002, 21, 32.228172, -117.133333
002, 22, 32.200000, -117.105136
002, 23, 32.283333, -117.016667
003, 01, 32.483333, -117.116667
003, 02, 32.516667, -117.116667
003, 03, 32.550000, -117.116667
003, 04, 32.550000, -117.150000
003, 05, 32.583333, -117.150000
003, 06, 32.616667, -117.150000
003, 07, 32.650000, -117.150000
003, 08, 32.650000, -117.183333
003, 09, 32.683333, -117.183333
003, 10, 32.683333, -117.216667
003, 11, 32.683333, -117.250000
003, 12, 32.716667, -117.250000
003, 13, 32.700000, -117.354976
003, 14, 32.666667, -117.354937
003, 15, 32.633333, -117.338563
003, 16, 32.627811, -117.333333
003, 17, 32.604092, -117.300000
003, 18, 32.600000, -117.287064
003, 19, 32.588119, -117.266667
003, 20, 32.566667, -117.254820
003, 21, 32.533333, -117.254781
003, 22, 32.500000, -117.238436
003, 23, 32.490946, -117.233333
003, 24, 32.466667, -117.221370
003, 25, 32.483333, -117.116667
004, 01, 32.716667, -117.250000
004, 02, 32.750000, -117.250000
004, 03, 32.783333, -117.250000
004, 04, 32.816667, -117.250000
004, 05, 32.816667, -117.283333
004, 06, 32.850000, -117.283333
004, 07, 32.850000, -117.250000
004, 08, 32.883333, -117.250000
004, 09, 32.916667, -117.250000
004, 10, 32.950000, -117.250000
004, 11, 32.950000, -117.283333
004, 12, 32.983333, -117.283333
004, 13, 32.966667, -117.388626
004, 14, 32.933333, -117.388586
004, 15, 32.900000, -117.372154
004, 16, 32.866667, -117.388487
004, 17, 32.833333, -117.388467
004, 18, 32.800000, -117.388428
004, 19, 32.766667, -117.372025
004, 20, 32.757112, -117.366667
004, 21, 32.733333, -117.355016
004, 22, 32.700000, -117.354976
004, 23, 32.716667, -117.250000
005, 01, 32.983333, -117.283333
005, 02, 33.016667, -117.283333
005, 03, 33.050000, -117.283333
005, 04, 33.050000, -117.316667
005, 05, 33.083333, -117.316667
005, 06, 33.116667, -117.316667
005, 07, 33.116667, -117.350000
005, 08, 33.150000, -117.350000
005, 09, 33.183333, -117.350000
005, 10, 33.183333, -117.383333
005, 11, 33.216667, -117.383333
005, 12, 33.216667, -117.416667
005, 13, 33.160662, -117.500000
005, 14, 33.133333, -117.472645
005, 15, 33.123069, -117.466667
005, 16, 33.100000, -117.455453
005, 17, 33.066667, -117.438983
005, 18, 33.056533, -117.433333
005, 19, 33.033333, -117.422039
005, 20, 33.000000, -117.405585
005, 21, 32.989997, -117.400000
005, 22, 32.966667, -117.388626
005, 23, 32.983333, -117.283333
006, 01, 33.216667, -117.416667
006, 02, 33.250000, -117.416667
006, 03, 33.250000, -117.450000
006, 04, 33.283333, -117.450000
006, 05, 33.283333, -117.483333
006, 06, 33.316667, -117.483333
006, 07, 33.316667, -117.516667
006, 08, 33.350000, -117.516667
006, 09, 33.350000, -117.550000
006, 10, 33.383333, -117.550000
006, 11, 33.383333, -117.583333
006, 12, 33.383333, -117.616667
006, 13, 33.416667, -117.616667
006, 14, 33.333333, -117.706161
006, 15, 33.327177, -117.700000
006, 16, 33.303905, -117.666667
006, 17, 33.300000, -117.654108
006, 18, 33.292482, -117.633333
006, 19, 33.266667, -117.606100
006, 20, 33.260571, -117.600000
006, 21, 33.233333, -117.572736
006, 22, 33.227268, -117.566667
006, 23, 33.200000, -117.539373
006, 24, 33.193965, -117.533333
006, 25, 33.166667, -117.506009
006, 26, 33.160662, -117.500000
006, 27, 33.216667, -117.416667
007, 01, 33.416667, -117.616667
007, 02, 33.416667, -117.650000
007, 03, 33.450000, -117.650000
007, 04, 33.450000, -117.683333
007, 05, 33.450000, -117.716667
007, 06, 33.483333, -117.716667
007, 07, 33.483333, -117.750000
007, 08, 33.516667, -117.750000
007, 09, 33.516667, -117.783333
007, 10, 33.550000, -117.783333
007, 11, 33.550000, -117.816667
007, 12, 33.550000, -117.850000
007, 13, 33.583333, -117.850000
007, 14, 33.492444, -117.933333
007, 15, 33.470527, -117.900000
007, 16, 33.466667, -117.887533
007, 17, 33.459117, -117.866667
007, 18, 33.433333, -117.839585
007, 19, 33.427086, -117.833333
007, 20, 33.400000, -117.806221
007, 21, 33.393783, -117.800000
007, 22, 33.370554, -117.766667
007, 23, 33.366667, -117.754144
007, 24, 33.359136, -117.733333
007, 25, 33.333333, -117.706161
007, 26, 33.416667, -117.616667
008, 01, 33.583333, -117.850000
008, 02, 33.583333, -117.883333
008, 03, 33.583333, -117.916667
008, 04, 33.616667, -117.916667
008, 05, 33.616667, -117.950000
008, 06, 33.616667, -117.983333
008, 07, 33.650000, -117.983333
008, 08, 33.650000, -118.016667
008, 09, 33.683333, -118.016667
008, 10, 33.683333, -118.050000
008, 11, 33.716667, -118.050000
008, 12, 33.716667, -118.083333
008, 13, 33.659079, -118.166667
008, 14, 33.633333, -118.139767
008, 15, 33.626904, -118.133333
008, 16, 33.600000, -118.106404
008, 17, 33.593601, -118.100000
008, 18, 33.566667, -118.073040
008, 19, 33.560298, -118.066667
008, 20, 33.537176, -118.033333
008, 21, 33.533333, -118.020904
008, 22, 33.525771, -118.000000
008, 23, 33.503851, -117.966667
008, 24, 33.500000, -117.954218
008, 25, 33.492444, -117.933333
008, 26, 33.583333, -117.850000
009, 01, 33.716667, -118.083333
009, 02, 33.750000, -118.083333
009, 03, 33.750000, -118.116667
009, 04, 33.750000, -118.150000
009, 05, 33.750000, -118.183333
009, 06, 33.750000, -118.216667
009, 07, 33.750000, -118.250000
009, 08, 33.750000, -118.283333
009, 09, 33.716667, -118.283333
009, 10, 33.716667, -118.316667
009, 11, 33.716667, -118.350000
009, 12, 33.750000, -118.350000
009, 13, 33.750000, -118.383333
009, 14, 33.659079, -118.433333
009, 15, 33.637149, -118.400000
009, 16, 33.633333, -118.387626
009, 17, 33.627832, -118.366667
009, 18, 33.627832, -118.333333
009, 19, 33.627832, -118.300000
009, 20, 33.627832, -118.266667
009, 21, 33.633333, -118.245707
009, 22, 33.637149, -118.233333
009, 23, 33.659079, -118.200000
009, 24, 33.659079, -118.166667
009, 25, 33.716667, -118.083333
010, 01, 33.750000, -118.383333
010, 02, 33.750000, -118.416667
010, 03, 33.783333, -118.416667
010, 04, 33.816667, -118.416667
010, 05, 33.850000, -118.416667
010, 06, 33.883333, -118.416667
010, 07, 33.916667, -118.416667
010, 08, 33.916667, -118.450000
010, 09, 33.950000, -118.450000
010, 10, 33.920133, -118.566667
010, 11, 33.900000, -118.556434
010, 12, 33.866667, -118.539785
010, 13, 33.854910, -118.533333
010, 14, 33.833333, -118.523018
010, 15, 33.800000, -118.522976
010, 16, 33.766667, -118.522935
010, 17, 33.733333, -118.522893
010, 18, 33.700000, -118.506282
010, 19, 33.693510, -118.500000
010, 20, 33.670473, -118.466667
010, 21, 33.666667, -118.454311
010, 22, 33.659079, -118.433333
010, 23, 33.750000, -118.383333
011, 01, 33.950000, -118.450000
011, 02, 33.983333, -118.450000
011, 03, 33.983333, -118.483333
011, 04, 34.016667, -118.483333
011, 05, 34.016667, -118.516667
011, 06, 34.016667, -118.550000
011, 07, 34.050000, -118.550000
011, 08, 34.050000, -118.583333
011, 09, 34.050000, -118.616667
011, 10, 34.050000, -118.650000
011, 11, 34.050000, -118.683333
011, 12, 34.016667, -118.683333
011, 13, 34.016667, -118.716667
011, 14, 34.016667, -118.750000
011, 15, 34.016667, -118.783333
011, 16, 33.927824, -118.766667
011, 17, 33.927824, -118.733333
011, 18, 33.927824, -118.700000
011, 19, 33.927824, -118.666667
011, 20, 33.933333, -118.645537
011, 21, 33.937068, -118.633333
011, 22, 33.937068, -118.600000
011, 23, 33.933333, -118.587796
011, 24, 33.920133, -118.566667
011, 25, 33.950000, -118.450000
012, 01, 34.016667, -118.783333
012, 02, 34.016667, -118.816667
012, 03, 34.016667, -118.850000
012, 04, 34.050000, -118.850000
012, 05, 34.050000, -118.883333
012, 06, 34.050000, -118.916667
012, 07, 34.050000, -118.950000
012, 08, 34.050000, -118.983333
012, 09, 34.050000, -119.016667
012, 10, 34.083333, -119.016667
012, 11, 34.083333, -119.050000
012, 12, 33.992347, -119.100000
012, 13, 33.970392, -119.066667
012, 14, 33.966667, -119.054482
012, 15, 33.961157, -119.033333
012, 16, 33.961157, -119.000000
012, 17, 33.961157, -118.966667
012, 18, 33.959020, -118.933333
012, 19, 33.937068, -118.900000
012, 20, 33.933333, -118.887796
012, 21, 33.927824, -118.866667
012, 22, 33.927824, -118.833333
012, 23, 33.927824, -118.800000
012, 24, 33.927824, -118.766667
012, 25, 34.016667, -118.783333
013, 01, 34.083333, -119.050000
013, 02, 34.083333, -119.083333
013, 03, 34.083333, -119.116667
013, 04, 34.083333, -119.150000
013, 05, 34.116667, -119.150000
013, 06, 34.116667, -119.183333
013, 07, 34.150000, -119.183333
013, 08, 34.150000, -119.216667
013, 09, 34.150000, -119.250000
013, 10, 34.183333, -119.250000
013, 11, 34.154269, -119.366667
013, 12, 34.133333, -119.356728
013, 13, 34.100000, -119.340025
013, 14, 34.093144, -119.333333
013, 15, 34.070365, -119.300000
013, 16, 34.066667, -119.287872
013, 17, 34.059001, -119.266667
013, 18, 34.033333, -119.240133
013, 19, 34.026539, -119.233333
013, 20, 34.003716, -119.200000
013, 21, 34.000000, -119.187834
013, 22, 33.994489, -119.166667
013, 23, 33.994489, -119.133333
013, 24, 33.992347, -119.100000
013, 25, 34.083333, -119.050000
014, 01, 34.183333, -119.250000
014, 02, 34.216667, -119.250000
014, 03, 34.216667, -119.283333
014, 04, 34.250000, -119.283333
014, 05, 34.283333, -119.283333
014, 06, 34.283333, -119.316667
014, 07, 34.283333, -119.350000
014, 08, 34.316667, -119.350000
014, 09, 34.316667, -119.383333
014, 10, 34.316667, -119.416667
014, 11, 34.350000, -119.416667
014, 12, 34.350000, -119.450000
014, 13, 34.383333, -119.450000
014, 14, 34.383333, -119.483333
014, 15, 34.292288, -119.533333
014, 16, 34.266667, -119.507014
014, 17, 34.259658, -119.500000
014, 18, 34.236987, -119.466667
014, 19, 34.233333, -119.454635
014, 20, 34.225635, -119.433333
014, 21, 34.203662, -119.400000
014, 22, 34.200000, -119.395338
014, 23, 34.166667, -119.373428
014, 24, 34.154269, -119.366667
014, 25, 34.183333, -119.250000
015, 01, 34.383333, -119.483333
015, 02, 34.383333, -119.516667
015, 03, 34.383333, -119.550000
015, 04, 34.416667, -119.550000
015, 05, 34.416667, -119.583333
015, 06, 34.416667, -119.616667
015, 07, 34.416667, -119.650000
015, 08, 34.416667, -119.683333
015, 09, 34.416667, -119.716667
015, 10, 34.383333, -119.716667
015, 11, 34.383333, -119.750000
015, 12, 34.416667, -119.750000
015, 13, 34.325615, -119.833333
015, 14, 34.303635, -119.800000
015, 15, 34.300000, -119.788008
015, 16, 34.294481, -119.766667
015, 17, 34.294481, -119.733333
015, 18, 34.294481, -119.700000
015, 19, 34.300000, -119.678659
015, 20, 34.303635, -119.666667
015, 21, 34.325615, -119.633333
015, 22, 34.303635, -119.600000
015, 23, 34.300000, -119.588008
015, 24, 34.294481, -119.566667
015, 25, 34.292288, -119.533333
015, 26, 34.383333, -119.483333
016, 01, 34.416667, -119.750000
016, 02, 34.416667, -119.783333
016, 03, 34.416667, -119.816667
016, 04, 34.416667, -119.850000
016, 05, 34.416667, -119.883333
016, 06, 34.416667, -119.916667
016, 07, 34.450000, -119.916667
016, 08, 34.450000, -119.950000
016, 09, 34.450000, -119.983333
016, 10, 34.450000, -120.016667
016, 11, 34.450000, -120.050000
016, 12, 34.450000, -120.083333
016, 13, 34.450000, -120.116667
016, 14, 34.366667, -120.154713
016, 15, 34.361146, -120.133333
016, 16, 34.361146, -120.100000
016, 17, 34.361146, -120.066667
016, 18, 34.361146, -120.033333
016, 19, 34.358941, -120.000000
016, 20, 34.336960, -119.966667
016, 21, 34.333333, -119.954694
016, 22, 34.327814, -119.933333
016, 23, 34.327814, -119.900000
016, 24, 34.327814, -119.866667
016, 25, 34.325615, -119.833333
016, 26, 34.416667, -119.750000
017, 01, 34.450000, -120.116667
017, 02, 34.483333, -120.116667
017, 03, 34.483333, -120.150000
017, 04, 34.483333, -120.183333
017, 05, 34.483333, -120.216667
017, 06, 34.483333, -120.250000
017, 07, 34.483333, -120.283333
017, 08, 34.483333, -120.316667
017, 09, 34.450000, -120.316667
017, 10, 34.450000, -120.350000
017, 11, 34.450000, -120.383333
017, 12, 34.450000, -120.416667
017, 13, 34.450000, -120.450000
017, 14, 34.361146, -120.466667
017, 15, 34.361146, -120.433333
017, 16, 34.361146, -120.400000
017, 17, 34.361146, -120.366667
017, 18, 34.361146, -120.333333
017, 19, 34.361146, -120.300000
017, 20, 34.366667, -120.278620
017, 21, 34.370284, -120.266667
017, 22, 34.392268, -120.233333
017, 23, 34.392268, -120.200000
017, 24, 34.370284, -120.166667
017, 25, 34.366667, -120.154713
017, 26, 34.450000, -120.116667
018, 01, 34.450000, -120.450000
018, 02, 34.450000, -120.483333
018, 03, 34.483333, -120.483333
018, 04, 34.483333, -120.516667
018, 05, 34.516667, -120.516667
018, 06, 34.550000, -120.516667
018, 07, 34.550000, -120.550000
018, 08, 34.550000, -120.583333
018, 09, 34.550000, -120.616667
018, 10, 34.550000, -120.650000
018, 11, 34.583333, -120.650000
018, 12, 34.566667, -120.757283
018, 13, 34.533333, -120.757240
018, 14, 34.500000, -120.740444
018, 15, 34.492777, -120.733333
018, 16, 34.470257, -120.700000
018, 17, 34.466667, -120.688105
018, 18, 34.461144, -120.666667
018, 19, 34.459055, -120.633333
018, 20, 34.433333, -120.607040
018, 21, 34.426172, -120.600000
018, 22, 34.400000, -120.573803
018, 23, 34.392869, -120.566667
018, 24, 34.370284, -120.533333
018, 25, 34.366667, -120.521380
018, 26, 34.361146, -120.500000
018, 27, 34.361146, -120.466667
018, 28, 34.450000, -120.450000
019, 01, 34.583333, -120.650000
019, 02, 34.616667, -120.650000
019, 03, 34.616667, -120.616667
019, 04, 34.650000, -120.616667
019, 05, 34.683333, -120.616667
019, 06, 34.716667, -120.616667
019, 07, 34.750000, -120.616667
019, 08, 34.750000, -120.650000
019, 09, 34.783333, -120.650000
019, 10, 34.783333, -120.616667
019, 11, 34.816667, -120.616667
019, 12, 34.850000, -120.616667
019, 13, 34.800000, -120.757565
019, 14, 34.766667, -120.757543
019, 15, 34.733333, -120.757499
019, 16, 34.700000, -120.740656
019, 17, 34.666667, -120.740567
019, 18, 34.633333, -120.757348
019, 19, 34.600000, -120.757326
019, 20, 34.566667, -120.757283
019, 21, 34.583333, -120.650000
020, 01, 34.850000, -120.616667
020, 02, 34.883333, -120.616667
020, 03, 34.883333, -120.650000
020, 04, 34.883333, -120.683333
020, 05, 34.916667, -120.683333
020, 06, 34.950000, -120.683333
020, 07, 34.950000, -120.650000
020, 08, 34.983333, -120.650000
020, 09, 35.016667, -120.650000
020, 10, 35.050000, -120.650000
020, 11, 35.050000, -120.616667
020, 12, 35.083333, -120.616667
020, 13, 35.033333, -120.757894
020, 14, 35.014316, -120.766667
020, 15, 35.000000, -120.774258
020, 16, 34.966667, -120.791117
020, 17, 34.933333, -120.791095
020, 18, 34.900000, -120.791051
020, 19, 34.866667, -120.791007
020, 20, 34.833333, -120.774132
020, 21, 34.819464, -120.766667
020, 22, 34.800000, -120.757565
020, 23, 34.850000, -120.616667
021, 01, 35.083333, -120.616667
021, 02, 35.116667, -120.616667
021, 03, 35.116667, -120.650000
021, 04, 35.150000, -120.650000
021, 05, 35.150000, -120.683333
021, 06, 35.183333, -120.683333
021, 07, 35.183333, -120.716667
021, 08, 35.183333, -120.750000
021, 09, 35.150000, -120.750000
021, 10, 35.150000, -120.783333
021, 11, 35.183333, -120.783333
021, 12, 35.183333, -120.816667
021, 13, 35.183333, -120.850000
021, 14, 35.216667, -120.850000
021, 15, 35.158830, -120.966667
021, 16, 35.133333, -120.941146
021, 17, 35.125527, -120.933333
021, 18, 35.103418, -120.900000
021, 19, 35.100000, -120.888486
021, 20, 35.092125, -120.866667
021, 21, 35.070094, -120.833333
021, 22, 35.066667, -120.821799
021, 23, 35.061128, -120.800000
021, 24, 35.052061, -120.766667
021, 25, 35.033333, -120.757894
021, 26, 35.083333, -120.616667
022, 01, 35.216667, -120.850000
022, 02, 35.216667, -120.883333
022, 03, 35.250000, -120.883333
022, 04, 35.250000, -120.916667
022, 05, 35.283333, -120.916667
022, 06, 35.283333, -120.883333
022, 07, 35.316667, -120.883333
022, 08, 35.350000, -120.883333
022, 09, 35.383333, -120.883333
022, 10, 35.416667, -120.883333
022, 11, 35.450000, -120.883333
022, 12, 35.358739, -121.033333
022, 13, 35.333333, -121.007956
022, 14, 35.300000, -121.024894
022, 15, 35.266667, -121.024871
022, 16, 35.233333, -121.024827
022, 17, 35.200000, -121.007864
022, 18, 35.192132, -121.000000
022, 19, 35.166667, -120.974510
022, 20, 35.158830, -120.966667
022, 21, 35.216667, -120.850000
023, 01, 35.450000, -120.883333
023, 02, 35.450000, -120.916667
023, 03, 35.450000, -120.950000
023, 04, 35.450000, -120.983333
023, 05, 35.450000, -121.016667
023, 06, 35.483333, -121.016667
023, 07, 35.483333, -121.050000
023, 08, 35.516667, -121.050000
023, 09, 35.516667, -121.083333
023, 10, 35.550000, -121.083333
023, 11, 35.550000, -121.116667
023, 12, 35.583333, -121.116667
023, 13, 35.551017, -121.233333
023, 14, 35.533333, -121.225231
023, 15, 35.500000, -121.208196
023, 16, 35.491817, -121.200000
023, 17, 35.466667, -121.174825
023, 18, 35.458520, -121.166667
023, 19, 35.433333, -121.141455
023, 20, 35.425224, -121.133333
023, 21, 35.400000, -121.108085
023, 22, 35.391947, -121.100000
023, 23, 35.370012, -121.066667
023, 24, 35.366667, -121.055318
023, 25, 35.358739, -121.033333
023, 26, 35.450000, -120.883333
024, 01, 35.583333, -121.116667
024, 02, 35.616667, -121.116667
024, 03, 35.616667, -121.150000
024, 04, 35.650000, -121.150000
024, 05, 35.650000, -121.183333
024, 06, 35.650000, -121.216667
024, 07, 35.650000, -121.250000
024, 08, 35.650000, -121.283333
024, 09, 35.683333, -121.283333
024, 10, 35.683333, -121.316667
024, 11, 35.716667, -121.316667
024, 12, 35.750000, -121.316667
024, 13, 35.717265, -121.433333
024, 14, 35.700000, -121.425458
024, 15, 35.666667, -121.425413
024, 16, 35.633333, -121.408345
024, 17, 35.625001, -121.400000
024, 18, 35.600000, -121.374974
024, 19, 35.591762, -121.366667
024, 20, 35.569957, -121.333333
024, 21, 35.566667, -121.322110
024, 22, 35.561115, -121.300000
024, 23, 35.561115, -121.266667
024, 24, 35.551017, -121.233333
024, 25, 35.583333, -121.116667
025, 01, 35.750000, -121.316667
025, 02, 35.783333, -121.316667
025, 03, 35.783333, -121.350000
025, 04, 35.816667, -121.350000
025, 05, 35.816667, -121.383333
025, 06, 35.850000, -121.383333
025, 07, 35.850000, -121.416667
025, 08, 35.850000, -121.450000
025, 09, 35.883333, -121.450000
025, 10, 35.916667, -121.450000
025, 11, 35.916667, -121.483333
025, 12, 35.950000, -121.483333
025, 13, 35.916753, -121.600000
025, 14, 35.900000, -121.592400
025, 15, 35.866667, -121.575275
025, 16, 35.850258, -121.566667
025, 17, 35.833333, -121.558975
025, 18, 35.800000, -121.541866
025, 19, 35.791577, -121.533333
025, 20, 35.769902, -121.500000
025, 21, 35.766667, -121.489347
025, 22, 35.758185, -121.466667
025, 23, 35.733333, -121.441791
025, 24, 35.717265, -121.433333
025, 25, 35.750000, -121.316667
026, 01, 35.950000, -121.483333
026, 02, 35.983333, -121.483333
026, 03, 35.983333, -121.516667
026, 04, 36.016667, -121.516667
026, 05, 36.016667, -121.550000
026, 06, 36.016667, -121.583333
026, 07, 36.050000, -121.583333
026, 08, 36.083333, -121.583333
026, 09, 36.083333, -121.616667
026, 10, 36.116667, -121.616667
026, 11, 36.116667, -121.650000
026, 12, 36.150000, -121.650000
026, 13, 36.150000, -121.683333
026, 14, 36.091139, -121.766667
026, 15, 36.066667, -121.742170
026, 16, 36.057844, -121.733333
026, 17, 36.033333, -121.708798
026, 18, 36.016493, -121.700000
026, 19, 36.000000, -121.692539
026, 20, 35.966667, -121.675389
026, 21, 35.958088, -121.666667
026, 22, 35.936523, -121.633333
026, 23, 35.933333, -121.622918
026, 24, 35.916753, -121.600000
026, 25, 35.950000, -121.483333
027, 01, 36.150000, -121.683333
027, 02, 36.183333, -121.683333
027, 03, 36.183333, -121.716667
027, 04, 36.216667, -121.716667
027, 05, 36.216667, -121.750000
027, 06, 36.216667, -121.783333
027, 07, 36.250000, -121.783333
027, 08, 36.250000, -121.816667
027, 09, 36.250000, -121.850000
027, 10, 36.283333, -121.850000
027, 11, 36.283333, -121.883333
027, 12, 36.316667, -121.883333
027, 13, 36.282454, -122.000000
027, 14, 36.266667, -121.992912
027, 15, 36.233333, -121.975695
027, 16, 36.224319, -121.966667
027, 17, 36.200000, -121.942323
027, 18, 36.191205, -121.933333
027, 19, 36.169792, -121.900000
027, 20, 36.166667, -121.889912
027, 21, 36.157903, -121.866667
027, 22, 36.136468, -121.833333
027, 23, 36.133333, -121.823199
027, 24, 36.124434, -121.800000
027, 25, 36.100000, -121.775541
027, 26, 36.091139, -121.766667
027, 27, 36.150000, -121.683333
028, 01, 36.316667, -121.883333
028, 02, 36.350000, -121.883333
028, 03, 36.350000, -121.916667
028, 04, 36.383333, -121.916667
028, 05, 36.416667, -121.916667
028, 06, 36.450000, -121.916667
028, 07, 36.483333, -121.916667
028, 08, 36.483333, -121.950000
028, 09, 36.516667, -121.950000
028, 10, 36.550000, -121.950000
028, 11, 36.583333, -121.950000
028, 12, 36.533333, -122.076045
028, 13, 36.515152, -122.066667
028, 14, 36.500000, -122.059910
028, 15, 36.466667, -122.059862
028, 16, 36.433333, -122.042595
028, 17, 36.415426, -122.033333
028, 18, 36.400000, -122.026434
028, 19, 36.366667, -122.026387
028, 20, 36.333333, -122.026340
028, 21, 36.300000, -122.009106
028, 22, 36.282454, -122.000000
028, 23, 36.316667, -121.883333
029, 01, 36.583333, -121.950000
029, 02, 36.583333, -121.983333
029, 03, 36.616667, -121.983333
029, 04, 36.616667, -121.950000
029, 05, 36.650000, -121.950000
029, 06, 36.650000, -121.916667
029, 07, 36.616667, -121.916667
029, 08, 36.616667, -121.883333
029, 09, 36.616667, -121.850000
029, 10, 36.650000, -121.850000
029, 11, 36.650000, -121.816667
029, 12, 36.683333, -121.816667
029, 13, 36.750845, -121.933333
029, 14, 36.738913, -121.966667
029, 15, 36.733333, -121.989483
029, 16, 36.730340, -122.000000
029, 17, 36.709221, -122.033333
029, 18, 36.700000, -122.042850
029, 19, 36.676159, -122.066667
029, 20, 36.666667, -122.076144
029, 21, 36.633333, -122.093410
029, 22, 36.600000, -122.093386
029, 23, 36.566667, -122.093338
029, 24, 36.533333, -122.076045
029, 25, 36.583333, -121.950000
030, 01, 36.683333, -121.816667
030, 02, 36.716667, -121.816667
030, 03, 36.750000, -121.816667
030, 04, 36.783333, -121.816667
030, 05, 36.816667, -121.816667
030, 06, 36.850000, -121.816667
030, 07, 36.883333, -121.816667
030, 08, 36.883333, -121.850000
030, 09, 36.916667, -121.850000
030, 10, 36.950000, -121.850000
030, 11, 36.950000, -121.883333
030, 12, 36.950000, -121.916667
030, 13, 36.950000, -121.950000
030, 14, 36.950000, -121.983333
030, 15, 36.861081, -122.000000
030, 16, 36.858086, -121.966667
030, 17, 36.833333, -121.943068
030, 18, 36.814313, -121.933333
030, 19, 36.800000, -121.927007
030, 20, 36.766667, -121.926959
030, 21, 36.750845, -121.933333
030, 22, 36.683333, -121.816667
031, 01, 36.950000, -121.983333
031, 02, 36.950000, -122.016667
031, 03, 36.950000, -122.050000
031, 04, 36.950000, -122.083333
031, 05, 36.950000, -122.116667
031, 06, 36.983333, -122.116667
031, 07, 36.983333, -122.150000
031, 08, 36.983333, -122.183333
031, 09, 37.016667, -122.183333
031, 10, 37.016667, -122.216667
031, 11, 37.050000, -122.216667
031, 12, 36.990081, -122.333333
031, 13, 36.966667, -122.309894
031, 14, 36.956788, -122.300000
031, 15, 36.933333, -122.276521
031, 16, 36.923855, -122.266667
031, 17, 36.902923, -122.233333
031, 18, 36.900000, -122.224230
031, 19, 36.890553, -122.200000
031, 20, 36.869599, -122.166667
031, 21, 36.866667, -122.156297
031, 22, 36.861081, -122.133333
031, 23, 36.861081, -122.100000
031, 24, 36.861081, -122.066667
031, 25, 36.861081, -122.033333
031, 26, 36.861081, -122.000000
031, 27, 36.950000, -121.983333
032, 01, 37.050000, -122.216667
032, 02, 37.050000, -122.250000
032, 03, 37.083333, -122.250000
032, 04, 37.083333, -122.283333
032, 05, 37.116667, -122.283333
032, 06, 37.116667, -122.316667
032, 07, 37.116667, -122.350000
032, 08, 37.150000, -122.350000
032, 09, 37.183333, -122.350000
032, 10, 37.183333, -122.383333
032, 11, 37.183333, -122.416667
032, 12, 37.216667, -122.416667
032, 13, 37.200000, -122.527592
032, 14, 37.166667, -122.527542
032, 15, 37.133333, -122.510096
032, 16, 37.123668, -122.500000
032, 17, 37.102868, -122.466667
032, 18, 37.100000, -122.463248
032, 19, 37.066667, -122.443348
032, 20, 37.057064, -122.433333
032, 21, 37.036220, -122.400000
032, 22, 37.033333, -122.391068
032, 23, 37.023375, -122.366667
032, 24, 37.000000, -122.343268
032, 25, 36.990081, -122.333333
032, 26, 37.050000, -122.216667
033, 01, 37.216667, -122.416667
033, 02, 37.250000, -122.416667
033, 03, 37.283333, -122.416667
033, 04, 37.316667, -122.416667
033, 05, 37.350000, -122.416667
033, 06, 37.383333, -122.416667
033, 07, 37.416667, -122.416667
033, 08, 37.416667, -122.450000
033, 09, 37.450000, -122.450000
033, 10, 37.483333, -122.450000
033, 11, 37.483333, -122.483333
033, 12, 37.483333, -122.516667
033, 13, 37.423388, -122.600000
033, 14, 37.402785, -122.566667
033, 15, 37.400000, -122.563370
033, 16, 37.366667, -122.543714
033, 17, 37.346083, -122.533333
033, 18, 37.333333, -122.527789
033, 19, 37.300000, -122.527740
033, 20, 37.266667, -122.527690
033, 21, 37.233333, -122.527641
033, 22, 37.200000, -122.527592
033, 23, 37.216667, -122.416667
034, 01, 37.483333, -122.516667
034, 02, 37.516667, -122.516667
034, 03, 37.550000, -122.516667
034, 04, 37.583333, -122.516667
034, 05, 37.616667, -122.516667
034, 06, 37.616667, -122.483333
034, 07, 37.650000, -122.483333
034, 08, 37.683333, -122.483333
034, 09, 37.683333, -122.516667
034, 10, 37.716667, -122.516667
034, 11, 37.700000, -122.628339
034, 12, 37.666667, -122.628289
034, 13, 37.633333, -122.628213
034, 14, 37.600000, -122.628188
034, 15, 37.566667, -122.628138
034, 16, 37.533333, -122.628088
034, 17, 37.500000, -122.628038
034, 18, 37.466667, -122.627988
034, 19, 37.433333, -122.610463
034, 20, 37.423388, -122.600000
034, 21, 37.483333, -122.516667
035, 01, 37.716667, -122.516667
035, 02, 37.750000, -122.516667
035, 03, 37.783333, -122.516667
035, 04, 37.816667, -122.516667
035, 05, 37.816667, -122.550000
035, 06, 37.850000, -122.550000
035, 07, 37.850000, -122.583333
035, 08, 37.883333, -122.583333
035, 09, 37.883333, -122.616667
035, 10, 37.883333, -122.650000
035, 11, 37.883333, -122.683333
035, 12, 37.883333, -122.716667
035, 13, 37.916667, -122.716667
035, 14, 37.855681, -122.833333
035, 15, 37.833333, -122.810962
035, 16, 37.823013, -122.800000
035, 17, 37.802674, -122.766667
035, 18, 37.800000, -122.756954
035, 19, 37.794389, -122.733333
035, 20, 37.794389, -122.700000
035, 21, 37.789098, -122.666667
035, 22, 37.766667, -122.644211
035, 23, 37.744849, -122.633333
035, 24, 37.733333, -122.628390
035, 25, 37.700000, -122.628339
035, 26, 37.716667, -122.516667
036, 01, 37.916667, -122.716667
036, 02, 37.916667, -122.750000
036, 03, 37.950000, -122.750000
036, 04, 37.950000, -122.783333
036, 05, 37.983333, -122.783333
036, 06, 37.983333, -122.816667
036, 07, 38.016667, -122.816667
036, 08, 38.016667, -122.850000
036, 09, 38.016667, -122.883333
036, 10, 38.016667, -122.916667
036, 11, 38.050000, -122.916667
036, 12, 38.050000, -122.950000
036, 13, 38.016667, -122.950000
036, 14, 38.016667, -122.983333
036, 15, 37.983333, -122.983333
036, 16, 37.983333, -123.016667
036, 17, 37.900000, -123.057026
036, 18, 37.894387, -123.033333
036, 19, 37.894387, -123.000000
036, 20, 37.894387, -122.966667
036, 21, 37.900000, -122.942974
036, 22, 37.902646, -122.933333
036, 23, 37.922264, -122.900000
036, 24, 37.900000, -122.877712
036, 25, 37.888973, -122.866667
036, 26, 37.866667, -122.844337
036, 27, 37.855681, -122.833333
036, 28, 37.916667, -122.716667
037, 01, 37.983333, -123.016667
037, 02, 38.016667, -123.016667
037, 03, 38.050000, -123.016667
037, 04, 38.050000, -122.983333
037, 05, 38.083333, -122.983333
037, 06, 38.116667, -122.983333
037, 07, 38.116667, -122.950000
037, 08, 38.150000, -122.950000
037, 09, 38.183333, -122.950000
037, 10, 38.166667, -123.095721
037, 11, 38.133333, -123.095643
037, 12, 38.122987, -123.100000
037, 13, 38.100000, -123.111236
037, 14, 38.066667, -123.128874
037, 15, 38.033333, -123.128848
037, 16, 38.000000, -123.128797
037, 17, 37.966667, -123.128745
037, 18, 37.933333, -123.111088
037, 19, 37.922919, -123.100000
037, 20, 37.902646, -123.066667
037, 21, 37.900000, -123.057026
037, 22, 37.983333, -123.016667
038, 01, 38.183333, -122.950000
038, 02, 38.183333, -122.983333
038, 03, 38.216667, -122.983333
038, 04, 38.250000, -122.983333
038, 05, 38.283333, -122.983333
038, 06, 38.283333, -123.016667
038, 07, 38.316667, -123.016667
038, 08, 38.316667, -123.050000
038, 09, 38.316667, -123.083333
038, 10, 38.350000, -123.083333
038, 11, 38.383333, -123.083333
038, 12, 38.416667, -123.083333
038, 13, 38.366667, -123.211643
038, 14, 38.342888, -123.200000
038, 15, 38.333333, -123.195980
038, 16, 38.300000, -123.195928
038, 17, 38.266667, -123.178181
038, 18, 38.255940, -123.166667
038, 19, 38.235887, -123.133333
038, 20, 38.233333, -123.125865
038, 21, 38.210002, -123.100000
038, 22, 38.200000, -123.095772
038, 23, 38.166667, -123.095721
038, 24, 38.183333, -122.950000
039, 01, 38.416667, -123.083333
039, 02, 38.416667, -123.116667
039, 03, 38.450000, -123.116667
039, 04, 38.450000, -123.150000
039, 05, 38.483333, -123.150000
039, 06, 38.483333, -123.183333
039, 07, 38.483333, -123.216667
039, 08, 38.516667, -123.216667
039, 09, 38.516667, -123.250000
039, 10, 38.516667, -123.283333
039, 11, 38.550000, -123.283333
039, 12, 38.550000, -123.316667
039, 13, 38.550000, -123.350000
039, 14, 38.583333, -123.350000
039, 15, 38.542202, -123.466667
039, 16, 38.533333, -123.462961
039, 17, 38.500000, -123.445150
039, 18, 38.489055, -123.433333
039, 19, 38.469155, -123.400000
039, 20, 38.466667, -123.392799
039, 21, 38.455752, -123.366667
039, 22, 38.435831, -123.333333
039, 23, 38.433333, -123.326095
039, 24, 38.422450, -123.300000
039, 25, 38.402507, -123.266667
039, 26, 38.400000, -123.259390
039, 27, 38.388333, -123.233333
039, 28, 38.366667, -123.211643
039, 29, 38.416667, -123.083333
040, 01, 38.583333, -123.350000
040, 02, 38.616667, -123.350000
040, 03, 38.616667, -123.383333
040, 04, 38.650000, -123.383333
040, 05, 38.650000, -123.416667
040, 06, 38.683333, -123.416667
040, 07, 38.683333, -123.450000
040, 08, 38.716667, -123.450000
040, 09, 38.716667, -123.483333
040, 10, 38.750000, -123.483333
040, 11, 38.750000, -123.516667
040, 12, 38.750000, -123.550000
040, 13, 38.783333, -123.550000
040, 14, 38.721231, -123.666667
040, 15, 38.700000, -123.645413
040, 16, 38.688867, -123.633333
040, 17, 38.669100, -123.600000
040, 18, 38.666667, -123.593024
040, 19, 38.654652, -123.566667
040, 20, 38.633333, -123.545325
040, 21, 38.621362, -123.533333
040, 22, 38.600000, -123.511948
040, 23, 38.588073, -123.500000
040, 24, 38.566667, -123.478571
040, 25, 38.542202, -123.466667
040, 26, 38.583333, -123.350000
041, 01, 38.783333, -123.550000
041, 02, 38.783333, -123.583333
041, 03, 38.816667, -123.583333
041, 04, 38.816667, -123.616667
041, 05, 38.850000, -123.616667
041, 06, 38.850000, -123.650000
041, 07, 38.883333, -123.650000
041, 08, 38.883333, -123.683333
041, 09, 38.883333, -123.716667
041, 10, 38.916667, -123.716667
041, 11, 38.950000, -123.716667
041, 12, 38.983333, -123.716667
041, 13, 38.966667, -123.830319
041, 14, 38.933333, -123.830265
041, 15, 38.900000, -123.830212
041, 16, 38.866667, -123.830158
041, 17, 38.833333, -123.812256
041, 18, 38.822075, -123.800000
041, 19, 38.802396, -123.766667
041, 20, 38.800000, -123.759839
041, 21, 38.787809, -123.733333
041, 22, 38.766667, -123.712168
041, 23, 38.754520, -123.700000
041, 24, 38.733333, -123.678790
041, 25, 38.721231, -123.666667
041, 26, 38.783333, -123.550000
042, 01, 38.983333, -123.716667
042, 02, 39.016667, -123.716667
042, 03, 39.016667, -123.683333
042, 04, 39.050000, -123.683333
042, 05, 39.083333, -123.683333
042, 06, 39.083333, -123.716667
042, 07, 39.116667, -123.716667
042, 08, 39.150000, -123.716667
042, 09, 39.150000, -123.750000
042, 10, 39.183333, -123.750000
042, 11, 39.183333, -123.783333
042, 12, 39.216667, -123.783333
042, 13, 39.200000, -123.897364
042, 14, 39.166667, -123.897310
042, 15, 39.133333, -123.879325
042, 16, 39.120697, -123.866667
042, 17, 39.100000, -123.845946
042, 18, 39.073626, -123.833333
042, 19, 39.066667, -123.830481
042, 20, 39.033333, -123.830400
042, 21, 39.000000, -123.830373
042, 22, 38.966667, -123.830319
042, 23, 38.983333, -123.716667
043, 01, 39.216667, -123.783333
043, 02, 39.250000, -123.783333
043, 03, 39.283333, -123.783333
043, 04, 39.316667, -123.783333
043, 05, 39.316667, -123.816667
043, 06, 39.350000, -123.816667
043, 07, 39.383333, -123.816667
043, 08, 39.416667, -123.816667
043, 09, 39.450000, -123.816667
043, 10, 39.483333, -123.816667
043, 11, 39.533333, -123.913135
043, 12, 39.500000, -123.931164
043, 13, 39.466667, -123.931136
043, 14, 39.433333, -123.931081
043, 15, 39.400000, -123.931026
043, 16, 39.366667, -123.930971
043, 17, 39.333333, -123.930916
043, 18, 39.300000, -123.930861
043, 19, 39.266667, -123.912839
043, 20, 39.239669, -123.900000
043, 21, 39.233333, -123.897419
043, 22, 39.200000, -123.897364
043, 23, 39.216667, -123.783333
044, 01, 39.483333, -123.816667
044, 02, 39.483333, -123.783333
044, 03, 39.516667, -123.783333
044, 04, 39.550000, -123.783333
044, 05, 39.583333, -123.783333
044, 06, 39.616667, -123.783333
044, 07, 39.650000, -123.783333
044, 08, 39.683333, -123.783333
044, 09, 39.683333, -123.816667
044, 10, 39.716667, -123.816667
044, 11, 39.750000, -123.816667
044, 12, 39.750000, -123.850000
044, 13, 39.783333, -123.850000
044, 14, 39.766667, -123.964970
044, 15, 39.733333, -123.964914
044, 16, 39.700000, -123.946769
044, 17, 39.671320, -123.933333
044, 18, 39.666667, -123.931469
044, 19, 39.633333, -123.913343
044, 20, 39.604919, -123.900000
044, 21, 39.600000, -123.898024
044, 22, 39.566667, -123.897969
044, 23, 39.561573, -123.900000
044, 24, 39.533333, -123.913135
044, 25, 39.483333, -123.816667
045, 01, 39.783333, -123.850000
045, 02, 39.816667, -123.850000
045, 03, 39.850000, -123.850000
045, 04, 39.850000, -123.883333
045, 05, 39.850000, -123.916667
045, 06, 39.883333, -123.916667
045, 07, 39.916667, -123.916667
045, 08, 39.916667, -123.950000
045, 09, 39.950000, -123.950000
045, 10, 39.950000, -123.983333
045, 11, 39.983333, -123.983333
045, 12, 39.983333, -124.016667
045, 13, 40.016667, -124.016667
045, 14, 40.016667, -124.050000
045, 15, 39.933333, -124.127698
045, 16, 39.919595, -124.100000
045, 17, 39.900000, -124.080382
045, 18, 39.886309, -124.066667
045, 19, 39.866667, -124.047002
045, 20, 39.837315, -124.033333
045, 21, 39.833333, -124.031749
045, 22, 39.800000, -124.013575
045, 23, 39.787833, -124.000000
045, 24, 39.768175, -123.966667
045, 25, 39.766667, -123.964970
045, 26, 39.783333, -123.850000
046, 01, 40.016667, -124.050000
046, 02, 40.016667, -124.083333
046, 03, 40.050000, -124.083333
046, 04, 40.083333, -124.083333
046, 05, 40.083333, -124.116667
046, 06, 40.116667, -124.116667
046, 07, 40.116667, -124.150000
046, 08, 40.116667, -124.183333
046, 09, 40.150000, -124.183333
046, 10, 40.150000, -124.216667
046, 11, 40.183333, -124.216667
046, 12, 40.183333, -124.250000
046, 13, 40.183333, -124.283333
046, 14, 40.120853, -124.366667
046, 15, 40.102033, -124.333333
046, 16, 40.100000, -124.327864
046, 17, 40.086026, -124.300000
046, 18, 40.066667, -124.280618
046, 19, 40.054249, -124.266667
046, 20, 40.035385, -124.233333
046, 21, 40.033333, -124.227798
046, 22, 40.003294, -124.200000
046, 23, 40.000000, -124.198698
046, 24, 39.966667, -124.180476
046, 25, 39.954343, -124.166667
046, 26, 39.935413, -124.133333
046, 27, 39.933333, -124.127698
046, 28, 40.016667, -124.050000
047, 01, 40.183333, -124.283333
047, 02, 40.216667, -124.283333
047, 03, 40.216667, -124.316667
047, 04, 40.250000, -124.316667
047, 05, 40.250000, -124.350000
047, 06, 40.283333, -124.350000
047, 07, 40.316667, -124.350000
047, 08, 40.350000, -124.350000
047, 09, 40.383333, -124.350000
047, 10, 40.383333, -124.383333
047, 11, 40.416667, -124.383333
047, 12, 40.352311, -124.500000
047, 13, 40.333333, -124.481000
047, 14, 40.302019, -124.466667
047, 15, 40.300000, -124.465878
047, 16, 40.266667, -124.465821
047, 17, 40.233333, -124.465763
047, 18, 40.200000, -124.447475
047, 19, 40.185884, -124.433333
047, 20, 40.166667, -124.414094
047, 21, 40.152598, -124.400000
047, 22, 40.133333, -124.380713
047, 23, 40.120853, -124.366667
047, 24, 40.183333, -124.283333
048, 01, 40.416667, -124.383333
048, 02, 40.416667, -124.416667
048, 03, 40.450000, -124.416667
048, 04, 40.450000, -124.383333
048, 05, 40.483333, -124.383333
048, 06, 40.516667, -124.383333
048, 07, 40.550000, -124.383333
048, 08, 40.550000, -124.350000
048, 09, 40.583333, -124.350000
048, 10, 40.616667, -124.350000
048, 11, 40.666667, -124.448078
048, 12, 40.633333, -124.466430
048, 13, 40.632713, -124.466667
048, 14, 40.600000, -124.481314
048, 15, 40.566667, -124.499646
048, 16, 40.533333, -124.499617
048, 17, 40.532334, -124.500000
048, 18, 40.500000, -124.514502
048, 19, 40.466667, -124.532805
048, 20, 40.433333, -124.532776
048, 21, 40.400000, -124.532718
048, 22, 40.366667, -124.514381
048, 23, 40.352311, -124.500000
048, 24, 40.416667, -124.383333
049, 01, 40.616667, -124.350000
049, 02, 40.616667, -124.316667
049, 03, 40.650000, -124.316667
049, 04, 40.650000, -124.283333
049, 05, 40.683333, -124.283333
049, 06, 40.716667, -124.283333
049, 07, 40.716667, -124.250000
049, 08, 40.750000, -124.250000
049, 09, 40.783333, -124.250000
049, 10, 40.783333, -124.216667
049, 11, 40.816667, -124.216667
049, 12, 40.816667, -124.183333
049, 13, 40.850000, -124.183333
049, 14, 40.900000, -124.281756
049, 15, 40.881734, -124.300000
049, 16, 40.866667, -124.315039
049, 17, 40.848351, -124.333333
049, 18, 40.833333, -124.348323
049, 19, 40.800120, -124.366667
049, 20, 40.800000, -124.366723
049, 21, 40.766667, -124.381558
049, 22, 40.733333, -124.399939
049, 23, 40.733173, -124.400000
049, 24, 40.700000, -124.414794
049, 25, 40.681439, -124.433333
049, 26, 40.666667, -124.448078
049, 27, 40.616667, -124.350000
050, 01, 40.850000, -124.183333
050, 02, 40.850000, -124.150000
050, 03, 40.883333, -124.150000
050, 04, 40.916667, -124.150000
050, 05, 40.950000, -124.150000
050, 06, 40.950000, -124.116667
050, 07, 40.983333, -124.116667
050, 08, 41.016667, -124.116667
050, 09, 41.050000, -124.116667
050, 10, 41.050000, -124.150000
050, 11, 41.083333, -124.150000
050, 12, 41.116667, -124.150000
050, 13, 41.150000, -124.150000
050, 14, 41.133333, -124.267341
050, 15, 41.100000, -124.267282
050, 16, 41.066667, -124.267222
050, 17, 41.033333, -124.267163
050, 18, 41.032278, -124.266667
050, 19, 41.000000, -124.248646
050, 20, 40.967417, -124.266667
050, 21, 40.966667, -124.267016
050, 22, 40.933333, -124.266986
050, 23, 40.900000, -124.281756
050, 24, 40.850000, -124.183333
051, 01, 41.150000, -124.150000
051, 02, 41.183333, -124.150000
051, 03, 41.183333, -124.116667
051, 04, 41.216667, -124.116667
051, 05, 41.250000, -124.116667
051, 06, 41.250000, -124.083333
051, 07, 41.283333, -124.083333
051, 08, 41.316667, -124.083333
051, 09, 41.350000, -124.083333
051, 10, 41.383333, -124.083333
051, 11, 41.400000, -124.201123
051, 12, 41.366667, -124.201093
051, 13, 41.333333, -124.201033
051, 14, 41.300000, -124.215689
051, 15, 41.268538, -124.233333
051, 16, 41.266667, -124.234216
051, 17, 41.233333, -124.248921
051, 18, 41.201621, -124.266667
051, 19, 41.200000, -124.267430
051, 20, 41.166667, -124.267401
051, 21, 41.133333, -124.267341
051, 22, 41.150000, -124.150000
052, 01, 41.383333, -124.083333
052, 02, 41.383333, -124.050000
052, 03, 41.416667, -124.050000
052, 04, 41.450000, -124.050000
052, 05, 41.450000, -124.083333
052, 06, 41.483333, -124.083333
052, 07, 41.516667, -124.083333
052, 08, 41.550000, -124.083333
052, 09, 41.583333, -124.083333
052, 10, 41.583333, -124.116667
052, 11, 41.616667, -124.116667
052, 12, 41.650000, -124.116667
052, 13, 41.650000, -124.150000
052, 14, 41.630039, -124.266667
052, 15, 41.600000, -124.249558
052, 16, 41.566667, -124.234789
052, 17, 41.563621, -124.233333
052, 18, 41.533333, -124.216122
052, 19, 41.500000, -124.201334
052, 20, 41.466667, -124.201274
052, 21, 41.433333, -124.201213
052, 22, 41.400000, -124.201123
052, 23, 41.383333, -124.083333
053, 01, 41.650000, -124.150000
053, 02, 41.683333, -124.150000
053, 03, 41.716667, -124.150000
053, 04, 41.750000, -124.150000
053, 05, 41.750000, -124.183333
053, 06, 41.750000, -124.216667
053, 07, 41.750000, -124.250000
053, 08, 41.783333, -124.250000
053, 09, 41.816667, -124.250000
053, 10, 41.816667, -124.216667
053, 11, 41.850000, -124.216667
053, 12, 41.866667, -124.349895
053, 13, 41.837323, -124.366667
053, 14, 41.833333, -124.368581
053, 15, 41.800000, -124.368550
053, 16, 41.766667, -124.368488
053, 17, 41.733333, -124.368427
053, 18, 41.729667, -124.366667
053, 19, 41.700000, -124.349713
053, 20, 41.686048, -124.333333
053, 21, 41.668261, -124.300000
053, 22, 41.666667, -124.293462
053, 23, 41.633333, -124.268244
053, 24, 41.630039, -124.266667
053, 25, 41.650000, -124.150000
054, 01, 41.850000, -124.216667
054, 02, 41.883333, -124.216667
054, 03, 41.916667, -124.216667
054, 04, 41.950000, -124.216667
054, 05, 41.983333, -124.216667
054, 06, 42.016667, -124.216667
054, 07, 42.016667, -124.250000
054, 08, 42.050000, -124.250000
054, 09, 42.050000, -124.283333
054, 10, 42.050000, -124.316667
054, 11, 42.083333, -124.316667
054, 12, 42.083333, -124.350000
054, 13, 42.061762, -124.466667
054, 14, 42.033333, -124.450236
054, 15, 42.016463, -124.433333
054, 16, 42.000000, -124.416850
054, 17, 41.985766, -124.400000
054, 18, 41.968177, -124.366667
054, 19, 41.966667, -124.362909
054, 20, 41.933333, -124.335463
054, 21, 41.900000, -124.335401
054, 22, 41.866667, -124.349895
054, 23, 41.850000, -124.216667
055, 01, 42.083333, -124.350000
055, 02, 42.116667, -124.350000
055, 03, 42.150000, -124.350000
055, 04, 42.183333, -124.350000
055, 05, 42.183333, -124.383333
055, 06, 42.216667, -124.383333
055, 07, 42.250000, -124.383333
055, 08, 42.250000, -124.416667
055, 09, 42.283333, -124.416667
055, 10, 42.316667, -124.416667
055, 11, 42.350000, -124.416667
055, 12, 42.333333, -124.536214
055, 13, 42.300000, -124.536151
055, 14, 42.266667, -124.536088
055, 15, 42.233333, -124.536025
055, 16, 42.227811, -124.533333
055, 17, 42.200000, -124.517168
055, 18, 42.166667, -124.502566
055, 19, 42.161391, -124.500000
055, 20, 42.133333, -124.483728
055, 21, 42.100000, -124.469107
055, 22, 42.066667, -124.469045
055, 23, 42.061762, -124.466667
055, 24, 42.083333, -124.350000
056, 01, 42.350000, -124.416667
056, 02, 42.383333, -124.416667
056, 03, 42.416667, -124.416667
056, 04, 42.416667, -124.450000
056, 05, 42.450000, -124.450000
056, 06, 42.450000, -124.416667
056, 07, 42.483333, -124.416667
056, 08, 42.516667, -124.416667
056, 09, 42.550000, -124.416667
056, 10, 42.583333, -124.416667
056, 11, 42.616667, -124.416667
056, 12, 42.600000, -124.536722
056, 13, 42.566667, -124.536659
056, 14, 42.533333, -124.536595
056, 15, 42.500000, -124.550904
056, 16, 42.473012, -124.566667
056, 17, 42.466667, -124.569769
056, 18, 42.433333, -124.569737
056, 19, 42.400000, -124.569674
056, 20, 42.393860, -124.566667
056, 21, 42.366667, -124.550769
056, 22, 42.333333, -124.536214
056, 23, 42.350000, -124.416667
057, 01, 42.616667, -124.416667
057, 02, 42.650000, -124.416667
057, 03, 42.683333, -124.416667
057, 04, 42.683333, -124.450000
057, 05, 42.716667, -124.450000
057, 06, 42.716667, -124.483333
057, 07, 42.750000, -124.483333
057, 08, 42.750000, -124.516667
057, 09, 42.783333, -124.516667
057, 10, 42.816667, -124.516667
057, 11, 42.816667, -124.550000
057, 12, 42.850000, -124.550000
057, 13, 42.833333, -124.670507
057, 14, 42.800000, -124.670442
057, 15, 42.792383, -124.666667
057, 16, 42.766667, -124.651422
057, 17, 42.733333, -124.636980
057, 18, 42.725962, -124.633333
057, 19, 42.700000, -124.617979
057, 20, 42.682056, -124.600000
057, 21, 42.666667, -124.584591
057, 22, 42.648778, -124.566667
057, 23, 42.633333, -124.551203
057, 24, 42.600000, -124.536722
057, 25, 42.616667, -124.416667
058, 01, 42.850000, -124.550000
058, 02, 42.883333, -124.550000
058, 03, 42.883333, -124.516667
058, 04, 42.916667, -124.516667
058, 05, 42.916667, -124.483333
058, 06, 42.950000, -124.483333
058, 07, 42.983333, -124.483333
058, 08, 42.983333, -124.450000
058, 09, 43.016667, -124.450000
058, 10, 43.050000, -124.450000
058, 11, 43.083333, -124.450000
058, 12, 43.108688, -124.566667
058, 13, 43.100000, -124.570996
058, 14, 43.066667, -124.570963
058, 15, 43.033333, -124.585115
058, 16, 43.008319, -124.600000
058, 17, 43.000000, -124.604133
058, 18, 42.966667, -124.618337
058, 19, 42.951652, -124.633333
058, 20, 42.933333, -124.651615
058, 21, 42.907950, -124.666667
058, 22, 42.900000, -124.670604
058, 23, 42.866667, -124.670572
058, 24, 42.833333, -124.670507
058, 25, 42.850000, -124.550000
059, 01, 43.083333, -124.450000
059, 02, 43.083333, -124.416667
059, 03, 43.116667, -124.416667
059, 04, 43.150000, -124.416667
059, 05, 43.183333, -124.416667
059, 06, 43.183333, -124.383333
059, 07, 43.216667, -124.383333
059, 08, 43.250000, -124.383333
059, 09, 43.283333, -124.383333
059, 10, 43.316667, -124.383333
059, 11, 43.350000, -124.383333
059, 12, 43.376337, -124.500000
059, 13, 43.366667, -124.504858
059, 14, 43.333333, -124.504825
059, 15, 43.300000, -124.504759
059, 16, 43.266667, -124.504692
059, 17, 43.233333, -124.518785
059, 18, 43.209057, -124.533333
059, 19, 43.200000, -124.537860
059, 20, 43.166667, -124.537827
059, 21, 43.133333, -124.551950
059, 22, 43.108688, -124.566667
059, 23, 43.083333, -124.450000
060, 01, 43.350000, -124.383333
060, 02, 43.350000, -124.350000
060, 03, 43.350000, -124.316667
060, 04, 43.383333, -124.316667
060, 05, 43.416667, -124.316667
060, 06, 43.416667, -124.283333
060, 07, 43.450000, -124.283333
060, 08, 43.483333, -124.283333
060, 09, 43.483333, -124.250000
060, 10, 43.516667, -124.250000
060, 11, 43.550000, -124.250000
060, 12, 43.550000, -124.216667
060, 13, 43.600000, -124.352744
060, 14, 43.577071, -124.366667
060, 15, 43.566667, -124.371927
060, 16, 43.533333, -124.385963
060, 17, 43.510160, -124.400000
060, 18, 43.500000, -124.405126
060, 19, 43.466667, -124.419182
060, 20, 43.443248, -124.433333
060, 21, 43.433333, -124.440482
060, 22, 43.415509, -124.466667
060, 23, 43.400000, -124.485735
060, 24, 43.376337, -124.500000
060, 25, 43.350000, -124.383333
061, 01, 43.550000, -124.216667
061, 02, 43.583333, -124.216667
061, 03, 43.616667, -124.216667
061, 04, 43.650000, -124.216667
061, 05, 43.683333, -124.216667
061, 06, 43.683333, -124.183333
061, 07, 43.716667, -124.183333
061, 08, 43.750000, -124.183333
061, 09, 43.783333, -124.183333
061, 10, 43.816667, -124.183333
061, 11, 43.816667, -124.150000
061, 12, 43.866667, -124.286542
061, 13, 43.844715, -124.300000
061, 14, 43.833333, -124.305802
061, 15, 43.800000, -124.305768
061, 16, 43.766667, -124.305700
061, 17, 43.733333, -124.319642
061, 18, 43.710893, -124.333333
061, 19, 43.700000, -124.338863
061, 20, 43.666667, -124.338829
061, 21, 43.633333, -124.338762
061, 22, 43.600000, -124.352744
061, 23, 43.550000, -124.216667
062, 01, 43.816667, -124.150000
062, 02, 43.850000, -124.150000
062, 03, 43.883333, -124.150000
062, 04, 43.916667, -124.150000
062, 05, 43.950000, -124.150000
062, 06, 43.983333, -124.150000
062, 07, 44.000000, -124.272811
062, 08, 43.966667, -124.272777
062, 09, 43.933333, -124.272708
062, 10, 43.900000, -124.272639
062, 11, 43.866667, -124.286542
062, 12, 43.816667, -124.150000
063, 01, 34.050000, -120.450000
063, 02, 34.050000, -120.416667
063, 03, 34.050000, -120.383333
063, 04, 34.083333, -120.383333
063, 05, 34.083333, -120.350000
063, 06, 34.050000, -120.350000
063, 07, 34.050000, -120.316667
063, 08, 34.016667, -120.316667
063, 09, 34.016667, -120.283333
063, 10, 34.106815, -120.233333
063, 11, 34.133333, -120.259826
063, 12, 34.140179, -120.266667
063, 13, 34.162971, -120.300000
063, 14, 34.166667, -120.312118
063, 15, 34.172180, -120.333333
063, 16, 34.172180, -120.366667
063, 17, 34.172180, -120.400000
063, 18, 34.166667, -120.421215
063, 19, 34.162971, -120.433333
063, 20, 34.141007, -120.466667
063, 21, 34.133333, -120.487863
063, 22, 34.129629, -120.500000
063, 23, 34.106815, -120.533333
063, 24, 34.100000, -120.539973
063, 25, 34.066667, -120.556623
063, 26, 34.033333, -120.556602
063, 27, 34.050000, -120.450000
064, 01, 34.016667, -120.283333
064, 02, 34.016667, -120.250000
064, 03, 34.016667, -120.216667
064, 04, 34.016667, -120.183333
064, 05, 34.016667, -120.150000
064, 06, 34.016667, -120.116667
064, 07, 34.016667, -120.083333
064, 08, 34.016667, -120.050000
064, 09, 33.983333, -120.050000
064, 10, 33.983333, -120.016667
064, 11, 33.983333, -119.983333
064, 12, 33.983333, -119.933333
064, 13, 34.105511, -120.033333
064, 14, 34.105511, -120.066667
064, 15, 34.105511, -120.100000
064, 16, 34.105511, -120.133333
064, 17, 34.105511, -120.166667
064, 18, 34.105511, -120.200000
064, 19, 34.106815, -120.233333
064, 20, 34.016667, -120.283333
065, 01, 33.983333, -119.933333
065, 02, 33.983333, -119.883333
065, 03, 34.016667, -119.883333
065, 04, 34.050000, -119.883333
065, 05, 34.050000, -119.916667
065, 06, 34.083333, -119.916667
065, 07, 34.083333, -119.916667
065, 08, 34.083333, -119.883333
065, 09, 34.083333, -119.850000
065, 10, 34.050000, -119.850000
065, 11, 34.050000, -119.816667
065, 12, 34.050000, -119.783333
065, 13, 34.050000, -119.750000
065, 14, 34.050000, -119.716667
065, 15, 34.050000, -119.683333
065, 16, 34.016667, -119.683333
065, 17, 34.016667, -119.650000
065, 18, 34.016667, -119.616667
065, 19, 34.050000, -119.616667
065, 20, 34.050000, -119.583333
065, 21, 34.050000, -119.550000
065, 22, 34.050000, -119.516667
065, 23, 34.016667, -119.516667
065, 24, 34.016667, -119.466667
065, 25, 34.106815, -119.433333
065, 26, 34.129629, -119.466667
065, 27, 34.133333, -119.478804
065, 28, 34.138846, -119.500000
065, 29, 34.138846, -119.533333
065, 30, 34.138846, -119.566667
065, 31, 34.138846, -119.600000
065, 32, 34.138846, -119.633333
065, 33, 34.138846, -119.666667
065, 34, 34.138846, -119.700000
065, 35, 34.138846, -119.733333
065, 36, 34.141007, -119.766667
065, 37, 34.162971, -119.800000
065, 38, 34.166667, -119.812118
065, 39, 34.172180, -119.833333
065, 40, 34.172180, -119.866667
065, 41, 34.172180, -119.900000
065, 42, 34.172180, -119.933333
065, 43, 34.166667, -119.954549
065, 44, 34.162971, -119.966667
065, 45, 34.140179, -120.000000
065, 46, 34.133333, -120.006674
065, 47, 34.105511, -120.033333
065, 48, 33.983333, -119.933333
066, 01, 34.016667, -119.466667
066, 02, 34.016667, -119.416667
066, 03, 34.016667, -119.383333
066, 04, 33.983333, -119.383333
066, 05, 34.000000, -119.276774
066, 06, 34.033333, -119.276753
066, 07, 34.066667, -119.293394
066, 08, 34.073451, -119.300000
066, 09, 34.096287, -119.333333
066, 10, 34.100000, -119.345490
066, 11, 34.105511, -119.366667
066, 12, 34.105511, -119.400000
066, 13, 34.106815, -119.433333
066, 14, 34.016667, -119.466667
067, 01, 33.983333, -119.383333
067, 02, 33.983333, -119.416667
067, 03, 34.016667, -119.416667
067, 04, 34.016667, -119.466667
067, 05, 33.903743, -119.466667
067, 06, 33.900000, -119.454444
067, 07, 33.894492, -119.433333
067, 08, 33.894492, -119.400000
067, 09, 33.894492, -119.366667
067, 10, 33.900000, -119.345556
067, 11, 33.903743, -119.333333
067, 12, 33.926630, -119.300000
067, 13, 33.933333, -119.293480
067, 14, 33.966667, -119.276815
067, 15, 34.000000, -119.276774
067, 16, 33.983333, -119.383333
068, 01, 34.016667, -119.466667
068, 02, 34.016667, -119.516667
068, 03, 34.016667, -119.550000
068, 04, 33.983333, -119.550000
068, 05, 33.983333, -119.583333
068, 06, 33.983333, -119.616667
068, 07, 33.983333, -119.650000
068, 08, 33.983333, -119.683333
068, 09, 33.983333, -119.716667
068, 10, 33.950000, -119.716667
068, 11, 33.950000, -119.750000
068, 12, 33.950000, -119.783333
068, 13, 33.950000, -119.816667
068, 14, 33.983333, -119.816667
068, 15, 33.983333, -119.850000
068, 16, 33.983333, -119.883333
068, 17, 33.983333, -119.933333
068, 18, 33.892367, -119.900000
068, 19, 33.870419, -119.866667
068, 20, 33.866667, -119.854425
068, 21, 33.861159, -119.833333
068, 22, 33.861159, -119.800000
068, 23, 33.861159, -119.766667
068, 24, 33.861159, -119.733333
068, 25, 33.861159, -119.700000
068, 26, 33.866667, -119.678909
068, 27, 33.870419, -119.666667
068, 28, 33.892367, -119.633333
068, 29, 33.894492, -119.600000
068, 30, 33.894492, -119.566667
068, 31, 33.894492, -119.533333
068, 32, 33.900000, -119.512223
068, 33, 33.903743, -119.500000
068, 34, 33.903743, -119.466667
068, 35, 34.016667, -119.466667
069, 01, 33.983333, -119.933333
069, 02, 33.983333, -119.983333
069, 03, 33.950000, -119.983333
069, 04, 33.950000, -120.016667
069, 05, 33.916667, -120.016667
069, 06, 33.916667, -120.050000
069, 07, 33.916667, -120.083333
069, 08, 33.916667, -120.116667
069, 09, 33.916667, -120.150000
069, 10, 33.916667, -120.183333
069, 11, 33.950000, -120.183333
069, 12, 33.950000, -120.216667
069, 13, 33.983333, -120.216667
069, 14, 33.983333, -120.250000
069, 15, 34.016667, -120.250000
069, 16, 34.016667, -120.283333
069, 17, 33.926630, -120.333333
069, 18, 33.900000, -120.306678
069, 19, 33.893327, -120.300000
069, 20, 33.866667, -120.273314
069, 21, 33.860024, -120.266667
069, 22, 33.837095, -120.233333
069, 23, 33.833333, -120.221072
069, 24, 33.827827, -120.200000
069, 25, 33.827827, -120.166667
069, 26, 33.827827, -120.133333
069, 27, 33.827827, -120.100000
069, 28, 33.827827, -120.066667
069, 29, 33.827827, -120.033333
069, 30, 33.827827, -120.000000
069, 31, 33.833333, -119.978928
069, 32, 33.837095, -119.966667
069, 33, 33.860024, -119.933333
069, 34, 33.866667, -119.926686
069, 35, 33.892367, -119.900000
069, 36, 33.983333, -119.933333
070, 01, 34.016667, -120.283333
070, 02, 34.016667, -120.316667
070, 03, 34.016667, -120.350000
070, 04, 34.016667, -120.383333
070, 05, 34.016667, -120.416667
070, 06, 34.016667, -120.450000
070, 07, 34.050000, -120.450000
070, 08, 34.033333, -120.556602
070, 09, 34.000000, -120.556560
070, 10, 33.966667, -120.539887
070, 11, 33.959933, -120.533333
070, 12, 33.937068, -120.500000
070, 13, 33.933333, -120.487796
070, 14, 33.927824, -120.466667
070, 15, 33.927824, -120.433333
070, 16, 33.927824, -120.400000
070, 17, 33.927824, -120.366667
070, 18, 33.926630, -120.333333
070, 19, 34.016667, -120.283333
071, 01, 33.250000, -119.583333
071, 02, 33.283333, -119.583333
071, 03, 33.283333, -119.550000
071, 04, 33.283333, -119.516667
071, 05, 33.283333, -119.483333
071, 06, 33.250000, -119.483333
071, 07, 33.250000, -119.450000
071, 08, 33.266667, -119.344366
071, 09, 33.300000, -119.360836
071, 10, 33.306085, -119.366667
071, 11, 33.333333, -119.393889
071, 12, 33.339448, -119.400000
071, 13, 33.362756, -119.433333
071, 14, 33.366667, -119.445901
071, 15, 33.372159, -119.466667
071, 16, 33.372159, -119.500000
071, 17, 33.372159, -119.533333
071, 18, 33.372159, -119.566667
071, 19, 33.372159, -119.600000
071, 20, 33.366667, -119.620765
071, 21, 33.362756, -119.633333
071, 22, 33.339448, -119.666667
071, 23, 33.333333, -119.672531
071, 24, 33.300000, -119.689007
071, 25, 33.266667, -119.688987
071, 26, 33.233333, -119.688947
071, 27, 33.250000, -119.583333
072, 01, 33.250000, -119.450000
072, 02, 33.216667, -119.450000
072, 03, 33.216667, -119.483333
072, 04, 33.216667, -119.516667
072, 05, 33.216667, -119.550000
072, 06, 33.250000, -119.550000
072, 07, 33.250000, -119.583333
072, 08, 33.233333, -119.688947
072, 09, 33.200000, -119.672448
072, 10, 33.193965, -119.666667
072, 11, 33.166667, -119.639342
072, 12, 33.160662, -119.633333
072, 13, 33.137283, -119.600000
072, 14, 33.133333, -119.587350
072, 15, 33.127844, -119.566667
072, 16, 33.127844, -119.533333
072, 17, 33.127844, -119.500000
072, 18, 33.127844, -119.466667
072, 19, 33.127844, -119.433333
072, 20, 33.133333, -119.412650
072, 21, 33.137283, -119.400000
072, 22, 33.160662, -119.366667
072, 23, 33.166667, -119.360918
072, 24, 33.200000, -119.344427
072, 25, 33.233333, -119.344386
072, 26, 33.266667, -119.344366
072, 27, 33.250000, -119.450000
073, 01, 33.450000, -119.050000
073, 02, 33.483333, -119.050000
073, 03, 33.483333, -119.016667
073, 04, 33.466667, -118.910769
073, 05, 33.500000, -118.910749
073, 06, 33.533333, -118.927270
073, 07, 33.539630, -118.933333
073, 08, 33.562810, -118.966667
073, 09, 33.566667, -118.979124
073, 10, 33.572165, -119.000000
073, 11, 33.572165, -119.033333
073, 12, 33.572165, -119.066667
073, 13, 33.566667, -119.087542
073, 14, 33.562810, -119.100000
073, 15, 33.539630, -119.133333
073, 16, 33.533333, -119.139397
073, 17, 33.500000, -119.155918
073, 18, 33.466667, -119.155898
073, 19, 33.450000, -119.050000
074, 01, 33.483333, -119.016667
074, 02, 33.450000, -119.016667
074, 03, 33.450000, -119.050000
074, 04, 33.466667, -119.155898
074, 05, 33.433333, -119.155857
074, 06, 33.400000, -119.139313
074, 07, 33.393783, -119.133333
074, 08, 33.370554, -119.100000
074, 09, 33.366667, -119.087478
074, 10, 33.361172, -119.066667
074, 11, 33.361172, -119.033333
074, 12, 33.361172, -119.000000
074, 13, 33.366667, -118.979189
074, 14, 33.370554, -118.966667
074, 15, 33.393783, -118.933333
074, 16, 33.400000, -118.927353
074, 17, 33.433333, -118.910810
074, 18, 33.466667, -118.910769
074, 19, 33.483333, -119.016667
075, 01, 33.383333, -118.483333
075, 02, 33.416667, -118.483333
075, 03, 33.416667, -118.516667
075, 04, 33.416667, -118.550000
075, 05, 33.450000, -118.550000
075, 06, 33.450000, -118.583333
075, 07, 33.483333, -118.583333
075, 08, 33.483333, -118.550000
075, 09, 33.483333, -118.516667
075, 10, 33.450000, -118.516667
075, 11, 33.450000, -118.483333
075, 12, 33.450000, -118.450000
075, 13, 33.416667, -118.450000
075, 14, 33.416667, -118.416667
075, 15, 33.416667, -118.383333
075, 16, 33.433333, -118.260465
075, 17, 33.439539, -118.266667
075, 18, 33.466667, -118.293768
075, 19, 33.472903, -118.300000
075, 20, 33.496125, -118.333333
075, 21, 33.500000, -118.345828
075, 22, 33.507551, -118.366667
075, 23, 33.529467, -118.400000
075, 24, 33.533333, -118.412476
075, 25, 33.540891, -118.433333
075, 26, 33.562810, -118.466667
075, 27, 33.566667, -118.479124
075, 28, 33.572165, -118.500000
075, 29, 33.572165, -118.533333
075, 30, 33.572165, -118.566667
075, 31, 33.572165, -118.600000
075, 32, 33.566667, -118.620876
075, 33, 33.562810, -118.633333
075, 34, 33.539630, -118.666667
075, 35, 33.533333, -118.672730
075, 36, 33.500000, -118.689251
075, 37, 33.466667, -118.689231
075, 38, 33.433333, -118.689190
075, 39, 33.400000, -118.672647
075, 40, 33.393783, -118.666667
075, 41, 33.366667, -118.639524
075, 42, 33.383333, -118.483333
076, 01, 33.416667, -118.383333
076, 02, 33.383333, -118.383333
076, 03, 33.383333, -118.350000
076, 04, 33.350000, -118.350000
076, 05, 33.350000, -118.316667
076, 06, 33.316667, -118.316667
076, 07, 33.316667, -118.350000
076, 08, 33.316667, -118.383333
076, 09, 33.316667, -118.416667
076, 10, 33.316667, -118.450000
076, 11, 33.316667, -118.483333
076, 12, 33.350000, -118.483333
076, 13, 33.383333, -118.483333
076, 14, 33.366667, -118.639524
076, 15, 33.360480, -118.633333
076, 16, 33.337229, -118.600000
076, 17, 33.333333, -118.594942
076, 18, 33.300000, -118.589028
076, 19, 33.266667, -118.572514
076, 20, 33.260571, -118.566667
076, 21, 33.237256, -118.533333
076, 22, 33.233333, -118.520738
076, 23, 33.227842, -118.500000
076, 24, 33.227842, -118.466667
076, 25, 33.227842, -118.433333
076, 26, 33.227842, -118.400000
076, 27, 33.227842, -118.366667
076, 28, 33.227842, -118.333333
076, 29, 33.227842, -118.300000
076, 30, 33.233333, -118.279262
076, 31, 33.237256, -118.266667
076, 32, 33.260571, -118.233333
076, 33, 33.266667, -118.227486
076, 34, 33.300000, -118.210972
076, 35, 33.333333, -118.210932
076, 36, 33.366667, -118.210911
076, 37, 33.400000, -118.227403
076, 38, 33.406176, -118.233333
076, 39, 33.433333, -118.260465
076, 40, 33.416667, -118.383333
077, 01, 32.916667, -118.550000
077, 02, 32.950000, -118.550000
077, 03, 32.950000, -118.583333
077, 04, 32.983333, -118.583333
077, 05, 33.016667, -118.583333
077, 06, 33.016667, -118.616667
077, 07, 33.050000, -118.616667
077, 08, 33.050000, -118.583333
077, 09, 33.016667, -118.583333
077, 10, 33.016667, -118.550000
077, 11, 32.983333, -118.550000
077, 12, 32.983333, -118.516667
077, 13, 32.950000, -118.516667
077, 14, 32.950000, -118.483333
077, 15, 32.916667, -118.483333
077, 16, 32.916667, -118.450000
077, 17, 32.940779, -118.333333
077, 18, 32.966667, -118.360889
077, 19, 32.972449, -118.366667
077, 20, 33.000000, -118.394192
077, 21, 33.005812, -118.400000
077, 22, 33.033333, -118.427495
077, 23, 33.039176, -118.433333
077, 24, 33.066667, -118.460798
077, 25, 33.072540, -118.466667
077, 26, 33.100000, -118.494101
077, 27, 33.105903, -118.500000
077, 28, 33.129360, -118.533333
077, 29, 33.133333, -118.546029
077, 30, 33.138820, -118.566667
077, 31, 33.138820, -118.600000
077, 32, 33.138820, -118.633333
077, 33, 33.133333, -118.653971
077, 34, 33.129360, -118.666667
077, 35, 33.105903, -118.700000
077, 36, 33.100000, -118.705634
077, 37, 33.066667, -118.722059
077, 38, 33.033333, -118.722039
077, 39, 33.000000, -118.721999
077, 40, 32.966667, -118.705552
077, 41, 32.956728, -118.700000
077, 42, 32.933333, -118.688586
077, 43, 32.900000, -118.672154
077, 44, 32.916667, -118.550000
078, 01, 32.916667, -118.450000
078, 02, 32.883333, -118.450000
078, 03, 32.883333, -118.416667
078, 04, 32.850000, -118.416667
078, 05, 32.850000, -118.383333
078, 06, 32.850000, -118.350000
078, 07, 32.816667, -118.350000
078, 08, 32.816667, -118.383333
078, 09, 32.816667, -118.416667
078, 10, 32.816667, -118.450000
078, 11, 32.850000, -118.450000
078, 12, 32.850000, -118.483333
078, 13, 32.850000, -118.516667
078, 14, 32.883333, -118.516667
078, 15, 32.916667, -118.516667
078, 16, 32.916667, -118.550000
078, 17, 32.900000, -118.672154
078, 18, 32.894237, -118.666667
078, 19, 32.866667, -118.639070
078, 20, 32.856921, -118.633333
078, 21, 32.833333, -118.621801
078, 22, 32.800000, -118.605390
078, 23, 32.794328, -118.600000
078, 24, 32.770714, -118.566667
078, 25, 32.766667, -118.553819
078, 26, 32.759247, -118.533333
078, 27, 32.737390, -118.500000
078, 28, 32.733333, -118.487135
078, 29, 32.727855, -118.466667
078, 30, 32.727855, -118.433333
078, 31, 32.727855, -118.400000
078, 32, 32.727855, -118.366667
078, 33, 32.727855, -118.333333
078, 34, 32.733333, -118.312865
078, 35, 32.737390, -118.300000
078, 36, 32.761024, -118.266667
078, 37, 32.766667, -118.261309
078, 38, 32.800000, -118.244905
078, 39, 32.833333, -118.244866
078, 40, 32.866667, -118.244846
078, 41, 32.900000, -118.261228
078, 42, 32.905722, -118.266667
078, 43, 32.929307, -118.300000
078, 44, 32.933333, -118.312803
078, 45, 32.940779, -118.333333
078, 46, 32.916667, -118.450000
